109
112.24
149
49.99
99
67
66.8
99.99
75.98
68.99
71
139.99
109.99
139.46
110
95
127.35
119.99
65.99
112
null
149.99
134.59
103.69
103
147
114.3
107
197
119.95
123.3
197
145.96
119.99
179
84.99
131.99
206.1
118.99
145.99
90.99
199
179.99
79.99
64.66
98.49
199
131.99
134
151.98
119.99
129.99
139
119.99
99.95
209
67.49
149
149
149
77.99
200.7
148
168
148
199
104
148.18
199.99
113.39
141.55
119.99
null
119.99
159
149.99
179
135.2
238.17
89.99
299.99
70.86
99.95
265.99
179.99
217
44.99
119
87.99
172.45
179.99
138.48
78.55
199.99
129.99
193.76
87
125.99
134
89
74
198
148
138
259
161.1
115.48
79.99
219
null
298
168
148
189.55
61.96
59.99
101.99
103.13
81.99
89.09
98
173.76
94.99
123.95
239.69
135
129
84.98
null
167.14
98.46
null
139.99
130.02
81.69
169
89.99
79.99
89.99
95.83
179.99
72.98
74.67
null
179.99
179.99
74
98
98
88.55
null
99.99
140.64
187.99
69.99
96.72
177.95
130.99
68.99
64
79.98
79.99
49.99
155.99
155.99
99.55
119.42
114.99
49.99
85.99
71.99
66.99
46.25
97.99
219.99
49.99
97.99
79.99
92.9
45.99
105.94
84.98
174.07
166.99
114.89
149.99
129.99
159.99
133.23
114.69
227
229
197
217
97
179.99
135.2
152.15
107
160.8
137
160
96
229
184
169
249
209
159
89
199
136.99
122.99
99.99
139
252.68
99.48
99.01
89
104.39
99
109
109
109.01
129.99
109.99
88
88.12
72.88
83.08
67.77
124
129
229
159
139
119
129
115
99
189
98
165.99
134
159.99
199.99
66.61
67
99
63.44
269.59
197
90.3
66.44
159
69.99
97
56
78
76.99
66.99
66.98
75.62
62.98
149.99
81.32
123.99
189.55
123.95
99.99
89.99
61.96
60.48
66.8
76.98
75.98
129.99
67.98
67.99
79.73
62.28
79.99
null
103.13
68.99
68.99
66.98
72.98
60.38
94.99
78.99
78.99
59.49
83.43
113.99
148.29
109.99
95
109.99
89
98.99
115.98
49.88
129.98
119.09
99.69
79.99
null
62.99
89.99
62.99
89.99
66.99
89.99
89.99
89.99
64.99
null
99.11
82.99
169.99
149.99
139.99
149.99
124.99
284
249
281.89
115
113.37
129
194
112.49
126
207.63
169
157.3
87.98
126.23
135.99
99.99
226.42
160
95.96
199.99
78.69
74.99
149
69.99
119.99
141.55
150
99.99
79
73.99
238.17
75.12
143
89.94
179
144.58
124.97
139.97
99.99
109.99
107.98
109.99
139.99
105.99
111
163.24
115.99
109.99
54
54
94.99
49.8
55.97
66.83
49.48
16.95
297
61.96
159
199
119
98
99
268.18
259
274
274
219.2
259
169
184.12
117
195.79
219.99
159.99
169.99
226.45
231.99
null
179
179
179
140.8
149.6
170
189.99
170
160
146.99
156.99
152.98
197.64
259
174
146.99
109.99
214.99
230.19
104.99
114.3
162.99
179.99
149.95
195.31
145
142
199.99
109.99
149
149.99
204.99
147.95
123.3
105.79
297
61.96
159
199
119
98
99
268.18
259
274
274
219.2
259
169
184.12
117
195.79
219.99
159.99
169.99
226.45
231.99
null
179
179
179
140.8
149.6
170
189.99
170
160
146.99
156.99
152.98
197.64
259
174
146.99
109.99
214.99
230.19
104.99
114.3
162.99
179.99
149.95
195.31
145
142
199.99
109.99
149
149.99
204.99
147.95
123.3
105.79
